cam0=[712.53 0 370.122; 0 712.53 239.725; 0 0 1]
cam1=[712.53 0 370.122; 0 712.53 239.725; 0 0 1]
doffs=0
baseline=59.6101
width=715
height=441
ndisp=715
