cam0=[712.295 0 372.666; 0 712.295 229.433; 0 0 1]
cam1=[712.295 0 372.666; 0 712.295 229.433; 0 0 1]
doffs=0
baseline=59.9729
width=712
height=436
ndisp=712
