cam0=[712.295 0 372.463; 0 712.295 229.453; 0 0 1]
cam1=[712.295 0 372.463; 0 712.295 229.453; 0 0 1]
doffs=0
baseline=59.9799
width=712
height=436
ndisp=712
