cam0=[711.415 0 376.739; 0 711.415 222.302; 0 0 1]
cam1=[711.415 0 376.739; 0 711.415 222.302; 0 0 1]
doffs=0
baseline=59.9701
width=711
height=435
ndisp=711
