cam0=[693.622 0 366.863; 0 693.622 223.955; 0 0 1]
cam1=[693.622 0 366.863; 0 693.622 223.955; 0 0 1]
doffs=0
baseline=60.082
width=713
height=438
ndisp=713
