cam0=[693.622 0 366.794; 0 693.622 223.961; 0 0 1]
cam1=[693.622 0 366.794; 0 693.622 223.961; 0 0 1]
doffs=0
baseline=60.0796
width=713
height=438
ndisp=713
