cam0=[713.679 0 380.428; 0 713.679 230.347; 0 0 1]
cam1=[713.679 0 380.428; 0 713.679 230.347; 0 0 1]
doffs=0
baseline=60.1004
width=717
height=435
ndisp=717
