cam0=[713.679 0 380.64; 0 713.679 230.308; 0 0 1]
cam1=[713.679 0 380.64; 0 713.679 230.308; 0 0 1]
doffs=0
baseline=60.0992
width=717
height=435
ndisp=717
