cam0=[541.764 0 553.627; 0 541.764 232.394; 0 0 1]
cam1=[541.764 0 553.627; 0 541.764 232.394; 0 0 1]
doffs=0
baseline=59.8897
width=942
height=489
ndisp=942
