cam0=[711.415 0 376.787; 0 711.415 222.269; 0 0 1]
cam1=[711.415 0 376.787; 0 711.415 222.269; 0 0 1]
doffs=0
baseline=59.9496
width=711
height=435
ndisp=711
